Learning: 0.050000Weights:
-0.482652
-2.348957
-19.440884
9.762779
-4.857702
-11.046075
-5.016565
-5.832614
0.000000
0.126547
-12.231606
-5.287773
-1.277364
6.466385
-3.820230
-6.043654
-3.507565
3.715952
0.000000
-0.048715
0.000000
-38.054370
-0.618259
-2.393720
-11.375033
-29.390303
-1.948779
-8.201632
0.096042
-9.750809
-0.130511
0.000000
-3.024313
-3.871126
-0.439112
-83.609397
0.000000
-15.705879
-6.037149
-2.888932
-87.719760
3.647951
0.000000
9.260641
-3.480447
6.342599
-0.296929
0.000000
1.633434
0.119049
1.189790
0.822651
14.211617
-0.293466
103.472045
1.627126
-0.101487
-0.318104
0.000000
5.507734
-0.571214
91.457531
0.000000
4.998876
133.143044
0.871999
-11.710395
-4.236534
-2.436649
-5.775173
-4.711517
-37.874619
4.305258
66.073282
0.000000
-0.307017
0.000000
0.000000
20.054081
-7.648172
39.445396
-15.863013
0.000000
0.000000
0.710128
4.679988
0.000000
0.000000
0.000000
0.621236
-0.865194
-0.257734
-0.056166
3.091407
58.278034
-0.290198
0.000000
-2.377724
1.093571
0.865926
0.000000
2.645498
1.073558
38.298174
1.108736
0.000000
3.560709
-4.145282
2.558970
-2.036823
-3.956071
0.000000
1.896755
23.344215
41.456983
2.793093
-0.936746
2.080543
-1.411244
2.805525
2.824430
0.000000
1.044887
-1.516260
-1.246149
-0.668444
-3.259718
0.000000
6.444945
0.000000
-0.308966
39.736196
45.340561
7.542178
-0.702802
-2.125165
0.000000
4.135184
4.014825
0.000000
37.721692
0.000000
6.633373
3.354769
12.626676
16.611186
17.444896
0.000000
9.608048
-1.390287
-80.567699
-1.466231
-62.378894
-2.956101
-4.078795
64.475162
9.723216
-44.177467
2.246619
12.343373
-0.124587
-0.488299
-24.739584
-19.665801
-2.374968
2.875022
4.170822
-48.795093
-3.959307
-0.653032
4.178749
0.909075
20.700791
-8.797524
-0.596331
-1.293386
-8.557717
-3.750918
-1.594545
1.045495
-84.236092
-3.456139
0.576449
2.147532
2.187130
2.879909
0.000000
-4.386121
0.000000
1.140713
0.000000
11.463307
-2.651425
0.000000
18.410690
0.000000
-4.545083
-1.151366
-6.991095
0.725649
0.595901
8.907273
3.610718
-10.888760
-37.243028
1.932531
-1.827677
1.592464
-3.142290
-4.277260
-0.427760
6.228759
-4.859508
2.001083
-20.107659
2.467386
0.858887
-6.145187
21.348361
-0.396577
3.279057
-2.387152
5.732474
0.352249
0.000000
1.691937
4.380757
0.302745
-0.666667
-1.003981
-2.452142
-1.606175
-8.444243
15.843275
3.248097
-5.243494
0.188290
-6.225752
55.585759
0.000000
0.000000
5.407648
-1.510873
-3.522623
-6.798096
0.033936
0.244084
37.976222
0.000000
-3.591745
-0.245742
-3.110191
0.000000
-1.157648
-7.098008
0.000000
8.509322
0.000000
4.936751
-2.226687
2.668512
0.000000
5.716309
0.000000
-3.443812
-1.058757
0.550503
-2.900118
0.436897
-2.626776
-0.866180
-0.204736
0.000000
-2.976400
0.344778
5.176906
8.731168
-2.032752
0.000000
-4.286644
-13.292645
0.000000
2.037734
0.000000
0.000000
-1.817610
1.795391
-6.408691
0.000000
-39.747353
0.000000
25.591228
-0.879791
-2.597843
0.000000
-0.034928
-1.170710
22.717913
-0.823589
-5.407807
-1.186702
2.681719
0.000000
0.322090
-3.445241
-6.836543
-14.689995
-0.514951
0.000000
0.323728
0.000000
-35.589515
12.887398
0.000000
-8.947936
1.388083
3.086281
-18.939938
0.000000
-2.018610
-3.454427
-0.847834
4.196642
0.000000
-9.486563
0.183902
12.063746
4.240178
0.558198
0.000000
4.828086
6.267397
7.178458
-3.593211
20.311496
-13.713543
-1.702759
-0.028002
0.000000
-8.074324
-3.100891
0.000000
0.000000
3.826658
-1.789602
-0.068076
-16.607401
-2.120099
-8.545055
-4.006343
3.577923
-4.520561
-4.857464
2.747730
-16.571182
0.232815
-0.691107
3.962563
-53.622842
-10.687685
3.828589
-3.650700
1.153984
-0.797348
0.000000
0.727974
2.740258
26.442607
12.107060
26.945173
-6.086707
1.465842
0.471331
-3.444438
0.559260
-1.026681
-4.247324
-4.698439
-2.756641
-2.008883
0.000000
-35.295264
0.203726
0.000000
-2.203646
-2.272731
-1.873793
12.745662
2.178534
-3.909849
-4.735630
0.000000
2.405832
-1.301085
-0.079690
0.846234
-2.284098
0.000000
-4.260736
-1.502490
0.000000
-2.455549
-19.045775
15.600745
-3.033127
0.283457
0.000000
0.000000
1.609019
-2.173293
15.811570
-7.718613
0.000000
0.080306
-4.058143
1.465032
-2.246108
0.000000
10.061063
0.264181
-8.120315
-16.587598
0.000000
-5.249862
1.269108
-53.011988
0.066992
-4.189111
0.081727
-0.391041
0.000000
-7.824901
-0.117588
-0.457961
-6.468666
3.222342
-5.285468
-0.761437
2.372770
-4.404192
-2.235090
-0.451532
-14.586604
-23.887166
-6.904947
0.000000
-12.363744
2.355071
-16.819214
-2.555828
-1.409924
2.114622
-93.249837
7.174528
-8.323714
5.133749
-29.995104
-0.554236
-10.964038
-14.293776
-5.968922
-1.379862
0.812855
0.000000
-0.192637
-2.959947
3.501056
-29.146305
0.022401
-16.161653
1.659602
-1.091954
-0.330941
4.067844
0.096054
0.000000
-0.042246
-0.968090
0.788606
-1.451606
-7.279213
4.177598
-6.128786
0.000000
0.000000
-2.322856
-0.231006
-20.710052
-9.347532
1.895962
-0.408191
-5.974537
0.203486
0.000000
-6.162910
-14.267139
-0.132804
-14.355742
0.000000
-4.191256
0.000000
0.000000
-3.031264
5.055018
3.875081
-15.060736
-0.979240
0.000000
-9.186585
-5.063646
-16.225102
-3.304294
-3.916538
-27.694527
-11.559724
0.003610
10.641503
-0.317982
-1.828045
0.000000
0.000000
-1.381048
-0.194302
-0.086181
0.000000
0.588639
0.000000
-4.184740
0.000000
-127.413614
1.404916
0.000000
0.000000
-17.020550
-50.668752
-2.658107
0.000000
-11.843097
0.155087
-1.678476
-4.987216
-9.208901
-0.417777
-18.083956
-3.547926
-20.037993
-3.171549
0.000000
1.217049
-0.715820
-0.106380
-1.713216
0.000000
-0.239781
-14.573393
-0.584435
0.000000
-34.983558
